save_data_ke_4_coy
resources/config.txt
1
17
C 10 1 1 40 1 10 40 0 0 0 1
C 1 15 2 40 1 10 40 0 0 0 2
V 1 9 3 20 1 5 20 0 0 0 0
T 1 13 4 30 1 5 20 1 0 0 0
C 2 3 5 40 1 10 40 0 0 0 0
T 3 1 6 30 1 5 20 1 0 0 0
V 3 8 7 20 1 5 20 0 0 0 0
C 3 14 8 40 1 10 40 0 0 0 0
F 4 5 9 80 1 10 20 0 0 0 0
F 5 12 10 80 1 10 20 0 0 0 0
T 6 3 11 30 1 5 20 1 0 0 0
T 7 10 12 30 1 5 20 1 0 0 0
C 8 2 13 40 1 10 40 0 0 0 0
V 8 6 14 20 1 5 20 0 0 0 0
T 8 15 15 30 1 5 20 1 0 0 0
C 9 13 16 40 1 10 40 0 0 0 0
T 10 3 17 30 1 5 20 1 0 0 0
1
1 
0 0 0
1
1 
0 0 0
$
